1000
88 1086
158 1003
129 1104
155 1129
98 1048
71 1065
199 1107
105 1178
134 1132
128 1117
127 1167
147 1133
51 1179
130 1186
15 1191
180 1071
81 1172
90 1088
42 1036
180 1200
84 1081
91 1002
45 1160
22 1166
189 1136
161 1078
52 1070
59 1105
56 1163
198 1112
118 1200
101 1152
111 1192
105 1103
181 1080
52 1074
101 1106
58 1086
159 1008
84 1182
60 1047
15 1125
200 1113
165 1116
80 1056
107 1158
102 1120
154 1010
34 1036
161 1088
115 1028
91 1016
118 1085
29 1119
198 1042
83 1011
86 1154
196 1074
107 1177
19 1030
20 1195
167 1051
6 1078
181 1084
35 1152
4 1171
84 1081
17 1055
23 1170
69 1187
58 1094
76 1077
88 1168
118 1196
51 1117
108 1182
196 1179
3 1040
183 1146
189 1015
82 1050
193 1199
103 1086
15 1130
31 1072
64 1132
178 1044
117 1036
189 1097
151 1085
19 1037
79 1077
151 1104
24 1190
24 1077
113 1011
38 1172
167 1141
60 1067
35 1016
183 1135
112 1111
134 1181
63 1015
91 1045
142 1147
169 1050
54 1123
117 1091
188 1154
162 1166
195 1152
88 1149
152 1086
53 1129
94 1152
7 1095
195 1039
48 1008
99 1016
194 1077
91 1183
133 1083
112 1032
56 1059
1 1007
100 1053
34 1022
143 1078
19 1103
152 1151
73 1155
190 1016
11 1083
109 1037
111 1037
187 1152
110 1177
120 1136
101 1083
45 1184
118 1108
87 1058
134 1173
4 1182
192 1091
133 1125
154 1137
76 1059
6 1162
88 1061
117 1183
182 1191
63 1096
178 1193
37 1030
63 1043
74 1168
11 1110
95 1092
62 1045
39 1193
149 1124
83 1154
98 1144
142 1013
22 1047
35 1093
82 1009
62 1166
194 1047
96 1023
68 1003
127 1020
63 1152
117 1108
30 1179
80 1176
191 1195
170 1126
152 1021
130 1165
162 1043
147 1081
16 1182
99 1129
65 1169
126 1055
116 1192
108 1016
148 1137
33 1013
84 1161
51 1161
60 1066
97 1044
117 1132
162 1127
162 1042
100 1057
31 1150
118 1114
126 1008
136 1086
184 1138
105 1164
73 1096
105 1175
183 1126
136 1020
28 1074
103 1005
34 1052
182 1166
118 1115
109 1007
72 1146
79 1105
122 1058
36 1180
176 1058
14 1151
55 1037
166 1161
184 1171
168 1113
142 1170
100 1073
166 1046
46 1001
167 1142
56 1049
171 1097
86 1037
37 1025
67 1200
83 1135
187 1027
117 1016
176 1109
30 1055
161 1183
123 1114
127 1016
2 1177
162 1135
53 1084
148 1039
183 1028
100 1200
62 1093
70 1019
153 1010
88 1086
124 1066
64 1193
122 1130
180 1200
2 1147
26 1106
21 1165
186 1193
159 1011
33 1171
156 1121
23 1200
30 1188
51 1141
164 1186
29 1049
148 1162
124 1158
187 1180
74 1146
12 1051
68 1182
56 1098
54 1087
46 1142
119 1107
60 1090
145 1102
12 1152
116 1110
9 1031
74 1084
132 1160
182 1084
106 1014
1 1126
65 1124
126 1190
3 1153
55 1081
177 1002
14 1081
124 1143
200 1154
56 1105
135 1070
147 1001
200 1150
164 1061
29 1155
55 1103
75 1100
176 1038
102 1176
45 1073
91 1158
161 1065
94 1091
199 1078
110 1188
84 1005
14 1005
88 1089
101 1025
6 1176
120 1026
129 1079
22 1011
137 1080
101 1157
55 1058
179 1023
78 1082
31 1146
162 1129
73 1195
190 1030
152 1130
168 1174
154 1171
55 1161
81 1018
16 1038
84 1125
13 1178
155 1053
64 1173
88 1165
15 1013
66 1085
80 1088
75 1081
174 1131
116 1070
148 1136
184 1005
154 1184
167 1060
30 1101
20 1192
76 1108
200 1119
97 1177
200 1062
132 1099
133 1022
143 1137
115 1140
13 1005
76 1049
12 1080
29 1199
84 1158
162 1013
72 1020
70 1149
173 1023
69 1084
97 1022
13 1042
167 1027
105 1003
31 1062
41 1053
59 1195
63 1195
135 1141
115 1073
136 1138
121 1112
137 1137
121 1020
25 1186
192 1045
169 1125
141 1123
61 1189
119 1045
186 1102
149 1188
167 1053
109 1003
182 1079
145 1138
172 1197
198 1124
7 1062
15 1117
24 1141
3 1064
41 1125
114 1007
1 1098
5 1172
101 1098
119 1096
33 1180
110 1011
176 1055
174 1091
96 1046
41 1056
90 1162
71 1167
73 1009
28 1045
96 1030
11 1184
72 1137
69 1072
162 1145
79 1019
67 1014
194 1153
30 1116
172 1013
86 1109
168 1149
19 1134
57 1156
12 1053
165 1094
111 1105
192 1196
77 1170
6 1073
49 1107
141 1051
178 1181
25 1038
15 1078
58 1005
59 1058
92 1083
82 1200
62 1018
26 1153
141 1154
149 1108
1 1003
54 1174
183 1038
162 1136
97 1169
153 1113
164 1010
124 1149
32 1126
10 1174
197 1106
126 1115
148 1010
171 1062
83 1168
171 1066
30 1023
179 1068
130 1200
123 1017
187 1173
86 1185
1 1012
13 1098
78 1015
168 1048
195 1170
87 1092
36 1076
110 1179
49 1017
120 1024
119 1023
109 1084
142 1031
119 1061
139 1151
177 1053
129 1198
153 1188
60 1199
144 1121
199 1162
95 1173
54 1143
116 1184
198 1021
69 1064
60 1058
36 1167
83 1035
20 1140
58 1006
35 1085
173 1086
113 1180
162 1063
184 1071
119 1107
100 1029
155 1061
100 1165
186 1099
113 1057
189 1169
95 1003
113 1156
123 1191
30 1131
44 1194
155 1197
148 1161
112 1007
8 1060
101 1133
110 1124
97 1132
47 1091
69 1045
5 1172
98 1052
95 1027
192 1137
51 1173
97 1071
123 1067
197 1027
75 1011
191 1183
81 1096
151 1136
158 1019
194 1077
84 1073
135 1049
121 1071
187 1019
51 1180
144 1131
12 1046
177 1191
105 1040
153 1168
197 1042
157 1135
171 1193
47 1052
35 1001
108 1104
180 1136
72 1112
60 1012
145 1005
20 1120
161 1154
112 1027
72 1110
125 1194
177 1187
11 1159
123 1054
53 1113
59 1016
190 1086
49 1108
7 1047
64 1098
47 1147
138 1163
66 1182
99 1030
141 1163
132 1131
64 1184
188 1086
36 1193
50 1189
48 1095
197 1070
191 1187
7 1139
180 1086
200 1079
97 1090
183 1102
92 1142
14 1015
115 1030
127 1013
137 1114
1 1135
82 1040
176 1141
11 1092
164 1188
69 1039
160 1027
156 1045
126 1095
83 1115
49 1180
10 1193
195 1173
11 1029
72 1133
41 1064
138 1111
50 1189
127 1059
175 1199
32 1019
177 1146
131 1029
30 1061
59 1185
132 1062
46 1077
174 1134
160 1199
93 1127
63 1187
72 1059
110 1158
30 1191
141 1186
11 1056
169 1042
122 1068
24 1185
139 1181
184 1134
101 1025
144 1027
173 1013
63 1062
80 1148
116 1095
173 1170
101 1155
174 1158
108 1049
136 1016
111 1115
41 1062
63 1055
162 1197
179 1054
198 1198
118 1148
146 1087
54 1034
188 1180
127 1057
25 1046
23 1088
185 1163
99 1191
134 1173
58 1156
190 1047
16 1118
116 1182
126 1065
158 1005
32 1114
194 1027
119 1187
50 1040
72 1032
147 1078
156 1011
160 1109
65 1013
132 1041
178 1126
152 1136
171 1175
193 1015
167 1190
174 1124
29 1083
104 1145
104 1032
98 1103
47 1029
172 1138
44 1013
155 1124
144 1067
35 1036
135 1153
31 1136
96 1147
192 1024
16 1087
93 1069
71 1167
162 1034
27 1051
12 1042
28 1144
99 1074
168 1022
113 1168
119 1193
50 1189
161 1069
92 1015
175 1104
154 1114
16 1018
91 1143
197 1032
64 1165
167 1058
135 1056
7 1161
9 1183
198 1133
2 1026
190 1078
26 1012
121 1042
55 1005
8 1174
158 1035
175 1080
98 1115
135 1029
115 1186
4 1142
67 1041
24 1048
149 1168
47 1116
15 1145
173 1140
122 1089
141 1143
63 1099
44 1135
61 1182
101 1009
200 1111
189 1029
123 1058
82 1023
129 1117
104 1060
80 1013
188 1137
104 1102
164 1105
67 1157
182 1013
85 1016
145 1153
190 1128
2 1109
109 1158
183 1025
175 1116
81 1196
137 1005
117 1007
2 1015
59 1069
172 1168
179 1094
133 1055
141 1164
81 1172
160 1046
114 1155
182 1187
130 1069
54 1161
128 1080
41 1023
26 1016
184 1151
50 1045
134 1056
52 1007
147 1011
199 1175
8 1076
65 1176
50 1020
176 1094
113 1189
87 1094
56 1133
181 1174
106 1102
93 1158
178 1005
9 1055
83 1010
199 1011
178 1111
17 1182
41 1101
112 1099
94 1099
161 1186
99 1025
163 1104
158 1092
7 1007
116 1002
121 1032
114 1104
62 1142
76 1178
126 1005
65 1108
116 1155
199 1190
52 1141
51 1061
93 1013
76 1016
135 1003
145 1175
22 1162
111 1163
55 1101
95 1106
106 1113
16 1114
169 1036
121 1096
128 1150
169 1001
174 1063
131 1104
3 1041
180 1145
98 1088
151 1175
177 1199
131 1025
94 1157
139 1081
44 1120
102 1104
87 1016
200 1060
29 1136
9 1028
189 1120
157 1014
164 1046
43 1038
109 1118
58 1066
136 1095
81 1067
63 1088
45 1127
149 1060
136 1109
64 1186
112 1136
97 1055
70 1200
34 1096
104 1125
55 1011
34 1053
15 1045
32 1144
133 1065
95 1170
10 1007
125 1154
141 1044
117 1120
110 1177
79 1148
127 1070
40 1148
68 1104
62 1030
29 1168
15 1055
185 1118
187 1027
45 1142
110 1119
38 1090
146 1098
107 1088
109 1171
54 1085
39 1071
45 1178
71 1178
108 1182
134 1136
181 1061
52 1140
147 1112
185 1017
123 1196
63 1200
43 1175
118 1113
48 1160
176 1060
123 1103
47 1002
123 1029
179 1160
129 1101
8 1045
80 1043
175 1180
52 1067
172 1036
156 1117
185 1037
115 1160
72 1037
67 1069
14 1061
27 1014
7 1190
139 1046
116 1071
196 1154
188 1003
134 1145
178 1079
108 1080
43 1194
43 1168
75 1160
27 1140
185 1032
77 1070
183 1012
70 1130
134 1168
42 1101
162 1055
165 1167
58 1147
190 1079
124 1044
149 1045
6 1019
190 1158
199 1095
150 1035
15 1176
165 1028
180 1058
149 1027
166 1163
194 1075
134 1128
83 1027
19 1101
8 1165
36 1157
196 1021
21 1193
141 1174
156 1179
74 1030
3 1102
156 1021
27 1142
80 1042
118 1046
195 1159
142 1042
119 1078
53 1073
118 1004
44 1064
132 1053
96 1019
185 1080
105 1012